67 00010001
85 00000000
95 00020001
126 00010001
136 00030002
162 00010001
180 00000000
190 00020001
200 00040003
247 00010001
265 00000000
275 00020001
293 00010001
316 00030002
326 00050005
368 00010001
386 00000000
396 00020001
427 00010001
437 00030002
463 00010001
481 00000000
491 00020001
514 00040003
524 00060008
574 00010001
592 00000000
615 00020001
633 00010001
643 00030002
669 00010001
687 00000000
697 00020001
720 00040003
754 00010001
772 00000000
782 00020001
800 00010001
823 00030002
833 00050005
843 0007000D
